# X Y
0.000000 0.000000
2.000000 0.000000
2.000000 2.000000
0.000000 2.000000
0.500000 0.000000
1.000000 0.000000
1.500000 0.000000
2.000000 0.500000
2.000000 1.000000
2.000000 1.500000
1.500000 2.000000
1.000000 2.000000
0.500000 2.000000
0.000000 1.500000
0.000000 1.000000
0.000000 0.500000
0.728186 1.573538
0.422085 0.750667
1.229201 0.508974
1.616102 1.248738
0.395842 1.243134
0.861618 1.011301
0.742592 0.433598
1.227985 1.495763
1.622548 0.771088
1.311491 1.007173
0.366025 1.633975
1.633975 1.633975
0.366025 0.366025
1.670350 0.356012
